/*
================================================================================
File: General_Exams_Extraction.sql
Description: Extract general wellness exams and physical examinations
Input: procedure_occurrence
Output: General_exam (RID: ri.foundry.main.dataset.851fc4e4-5484-4afd-91a1-bcc69af12be0)
================================================================================
*/

@transform_pandas(
    Output(rid="ri.foundry.main.dataset.851fc4e4-5484-4afd-91a1-bcc69af12be0"),
    procedure_occurrence=Input(rid="ri.foundry.main.dataset.f8826e21-741d-49bb-a7eb-47ea98bb2b5f")
)
-- Extract general wellness exams and physical examinations
-- Concept IDs include: routine physicals, preventive visits, wellness checks

SELECT 
    person_id,
    procedure_concept_id,
    procedure_concept_name,
    procedure_date,
    procedure_type_concept_id,
    modifier_concept_id,
    quantity,
    provider_id,
    visit_occurrence_id,
    visit_detail_id,
    procedure_source_value,
    procedure_source_concept_id,
    modifier_source_value
FROM procedure_occurrence
WHERE procedure_concept_id IN (
    -- Routine physical exams
    32693, 607011, 763701, 1434090, 1434091, 1434092, 1434093, 1434094, 1434095, 
    1434096, 1434097, 1434098, 1434099, 1434100, 1434101, 1434102, 1434103, 1434104, 
    1434105, 1434106, 1434107, 1434108, 1434109, 1434204, 1434240, 1434243, 2617469,
    
    -- Wellness visit concepts
    4088016, 4132649, 44830762, 45949788, 45937583, 3403907, 4132649, 4259640, 
    4132657, 4256500, 4132658, 4132659, 4259641, 4259638, 4256502, 4253755, 
    4259642, 4256501, 4253756, 4256497, 4256496, 4259639, 4253753, 4256498, 
    4132652, 4132653, 4253752, 4132654, 4253754, 4132655, 4256499, 4132656, 
    4259636, 3545551, 44812389, 4044554, 40642538, 4061660, 44809259, 45449301,
    
    -- Additional exam concepts
    3059601, 3062147, 3065439, 3065705, 3078148, 3082852, 3083352, 3092018, 3104348, 
    3119384, 3144772, 3144773, 3224429, 3243797, 3285850, 3343802, 3403907, 3441558, 
    3545551, 3561585, 3561589, 3657490, 3661629, 4008161, 4008162, 4008163, 4008164, 
    4009881, 4009882, 4009883, 4009884, 4010343, 4010345, 4010346, 4010840, 4010841, 
    4010844, 4010845, 4036803, 4044554, 4061660, 4062858, 4063520, 4064528, 4065061, 
    4065062, 4066161, 4088016, 4091831, 4092284, 4094039, 4094040, 4094041, 4104747, 
    4132649, 4132652, 4132653, 4132654, 4132655, 4132656, 4132657, 4132658, 4132659, 
    4145333, 4147737, 4150745, 4151779, 4181040, 4183687, 4194672, 4223937, 4234649, 
    4234650, 4240345, 4253752, 4253753, 4253754, 4253755, 4253756, 4256496, 4256497, 
    4256498, 4256499, 4256500, 4256501, 4256502, 4259636, 4259638, 4259639, 4259640, 
    4259641, 4259642, 4277607, 4301122, 35610065, 35610552, 37097400, 37097407, 37097408, 
    37097439, 37097458, 37604548, 37611755, 37613612, 37615405, 40306857, 40310831, 
    40316459, 40316460, 40379654, 40379655, 40514165, 40520087, 40520088, 40520097, 
    40520099, 40520115, 40520116, 40520590, 40520591, 40520592, 40520593, 40520594, 
    40520595, 40520596, 40524791, 40524793, 40524794, 40642538, 40642539, 42505173, 
    42505180, 42505222, 42505239, 42573279, 44789514, 44794494, 44794581, 44794632, 
    44794830, 44795574, 44795767, 44796275, 44797962, 44798006, 44798055, 44798283, 
    44798293, 44799034, 44799413, 44799906, 44800294, 44800479, 44800710, 44800813, 
    44809259, 44812389, 44812621, 44812971, 44813022, 44813462, 44820482, 44820484, 
    44821602, 44823881, 44826243, 44830762, 44833151, 45421619, 45424823, 45428154, 
    45428901, 45441419, 45441422, 45449301, 45462197, 45465582, 45469041, 45474918, 
    45475660, 45482311, 45488271, 45504732, 45504769, 45504772, 45508068, 45514830, 
    45521421, 45581001, 45585791, 45595476, 45605102, 45609906, 45755978, 45756005, 
    45913322, 45918129, 45937583, 45949788, 45953355
);
